## @knitr chunk5

d <- 9
e <- 11
f <- 12
